ostream 45327 260793 215466
o 36863 339925 303062
games 29648 55228 25580
actionswf 7695 48178 40483
edor 7340 40672 33332
flashalizer 7074 15078 8004
irc-ssl 5599 12550 6951
test 4318 8153 3835
audapa 4058 10051 5993
dico 2359 7759 5400
tora 2076 5661 3585
chess-helper 1459 3204 1745
prezenta 1316 1976 660
builder 1074 1462 388
odbg 850 1781 931
oadbg 599 1734 1135
experimental 474 933 459
pyaudio 344 688 344
irc 280 556 276
medo 221 610 389
ostriputil 187 198 11
colin-i.github.io 133 306 173
ming 110 260 150
arh 74 167 93
stats 51 1185 1134
LIEF 49 54 5
gnome-shell-system-monitor-applet 13 52 39
appimage.github.io 2 2 0
colin-i 2 4 2
bitstorm 0 0 0
box64 0 3 3
etcminer 0 0 0
sync 0 0 0
tmp 0 0 0
